769 121
768 123
767 123
766 124
765 124
764 124
763 124
762 124
761 124
760 142
759 161
758 177
757 176
756 165
755 155
754 150
753 153
752 152
751 153
750 148
749 153
748 152
747 146
746 146
745 145
744 146
743 146
742 145
741 145
740 145
739 145
738 144
737 144
736 144
735 144
734 144
733 144
732 144
731 144
730 144
729 141
728 141
727 145
726 144
725 142
724 141
723 141
722 140
721 140
720 140
719 140
718 140
717 140
716 140
715 140
714 140
713 141
712 141
711 141
710 140
709 140
708 140
707 140
706 140
705 140
704 140
703 141
702 141
701 141
700 141
699 142
698 142
697 142
696 143
695 143
694 144
693 144
692 145
691 146
690 146
689 146
688 147
687 148
686 149
685 150
684 151
683 151
682 152
681 153
680 154
679 154
678 155
677 155
676 155
675 156
674 156
673 156
672 156
671 157
670 157
669 157
668 158
667 158
666 159
665 160
664 160
663 162
662 162
661 162
660 162
659 162
658 162
657 162
656 165
655 165
654 165
653 166
652 166
651 167
650 167
649 167
648 168
647 168
646 169
645 169
644 170
643 170
642 171
641 171
640 171
639 171
638 171
637 171
636 171
635 172
634 172
633 173
632 173
631 172
630 174
629 174
628 174
627 175
626 176
625 177
624 177
623 178
622 179
621 180
620 181
619 182
618 182
617 183
616 183
615 184
614 184
613 185
612 185
611 185
610 186
609 186
608 186
607 187
606 186
605 187
604 186
603 187
602 187
601 188
600 187
599 188
598 189
597 190
596 190
595 191
594 192
593 193
592 194
591 195
590 195
589 196
588 197
587 198
586 199
585 200
584 201
583 201
582 202
581 204
580 205
579 206
578 225
577 227
576 227
575 227
574 228
573 228
572 228
571 229
570 229
569 229
568 228
567 227
566 227
565 226
564 226
563 225
562 225
561 225
560 225
559 225
558 225
557 224
556 224
555 224
554 224
553 224
552 223
551 223
550 222
549 223
548 223
547 223
546 223
545 223
544 223
543 223
542 224
541 223
540 222
539 226
538 228
537 228
536 229
535 229
534 230
533 230
532 231
531 231
530 232
529 232
528 233
527 234
526 234
525 235
524 235
523 235
522 235
521 235
520 236
519 237
518 238
517 239
516 220
515 219
514 217
513 218
512 219
511 228
510 230
509 231
508 231
507 230
506 226
505 227
504 228
503 229
502 230
501 231
500 231
499 232
498 233
497 234
496 234
495 236
494 235
493 238
492 239
491 239
490 239
489 240
488 241
487 242
486 243
485 243
484 244
483 244
482 245
481 245
480 246
479 247
478 248
477 249
476 249
475 252
474 255
473 255
472 254
471 255
470 255
469 255
468 256
467 257
466 258
465 258
464 259
463 259
462 260
461 260
460 261
459 261
458 261
457 261
456 261
455 261
454 261
453 261
452 261
451 261
450 261
449 261
448 261
447 261
446 261
445 261
444 262
443 261
442 263
441 262
440 263
439 263
438 263
437 263
436 263
435 263
434 263
433 263
432 263
431 258
430 258
429 259
428 259
427 260
426 260
425 260
424 260
423 261
422 261
421 262
420 262
419 262
418 263
417 263
416 263
415 264
414 263
413 263
412 263
411 263
410 266
409 265
408 264
407 265
406 264
405 265
404 266
403 266
402 266
401 266
400 267
399 267
398 268
397 268
396 268
395 268
394 268
393 269
392 269
391 270
390 270
389 271
388 271
387 271
386 272
385 272
384 273
383 273
382 274
381 274
380 274
379 274
378 275
377 275
376 275
375 276
374 276
373 276
372 277
371 277
370 278
369 279
368 281
367 282
366 284
365 285
364 285
363 286
362 286
361 302
360 312
359 312
358 311
357 311
356 311
355 295
354 297
353 299
352 301
351 307
350 307
349 307
348 307
347 303
346 302
345 301
344 299
343 289
342 289
341 288
340 287
339 286
338 287
337 275
336 276
335 295
334 314
333 316
332 316
331 300
330 301
329 293
328 292
327 292
326 287
325 286
324 286
323 283
322 281
321 278
320 266
319 266
318 266
317 266
316 266
315 266
314 266
313 266
312 266
311 266
310 266
309 266
308 266
307 267
306 267
305 267
304 268
303 268
302 269
301 269
300 269
299 268
298 268
297 270
296 271
295 271
294 272
293 273
292 274
291 274
290 273
289 272
288 263
287 244
286 243
285 243
284 244
283 244
282 244
281 244
280 244
279 244
278 244
277 245
276 245
275 245
274 245
273 245
272 246
271 248
270 248
269 246
268 248
267 246
266 246
265 245
264 245
263 245
262 244
261 244
260 243
259 243
258 241
257 239
256 237
255 236
254 236
253 233
252 231
251 229
250 227
249 223
248 223
247 223
246 224
245 224
244 226
243 226
242 226
241 227
240 230
239 231
238 232
237 233
236 235
235 237
234 239
233 235
232 236
231 228
230 238
229 238
228 227
227 236
226 235
225 235
224 235
223 235
222 236
221 236
220 235
219 235
218 234
217 236
216 236
215 237
214 244
213 242
212 240
211 239
210 237
209 224
208 223
207 224
206 227
205 226
204 225
203 224
202 224
201 224
200 224
199 224
198 226
197 226
196 227
195 226
194 226
193 225
192 227
191 226
190 227
189 227
188 227
187 226
186 226
185 242
184 261
183 264
182 264
181 264
180 263
179 263
178 263
177 263
176 261
175 260
174 260
173 260
172 260
171 259
170 259
169 259
168 254
167 254
166 254
165 254
164 254
163 254
162 258
161 257
160 256
159 256
158 256
157 256
156 246
155 256
154 255
153 260
152 260
151 259
150 261
149 261
148 263
147 263
146 265
145 265
144 265
143 264
142 264
141 263
140 263
139 263
138 263
137 264
136 263
135 262
134 262
133 262
132 261
131 261
130 261
129 261
128 261
127 262
126 262
125 262
124 263
123 280
122 279
121 277
120 258
119 257
118 257
117 257
116 256
115 256
114 261
113 261
112 260
111 260
110 254
109 253
108 253
107 253
106 253
105 254
104 254
103 253
102 253
101 252
100 251
99 250
98 249
97 249
96 240
95 241
94 240
93 240
92 235
91 235
90 235
89 234
88 234
87 234
86 234
85 234
84 233
83 234
82 233
81 232
80 232
79 232
78 231
77 230
76 230
75 229
74 229
73 229
72 229
71 229
70 229
69 228
68 229
67 226
66 227
65 226
64 226
63 226
62 226
61 225
60 225
59 226
58 226
57 226
56 226
55 225
54 225
53 225
52 224
51 224
50 224
49 223
48 223
47 222
46 222
45 221
44 221
43 221
42 221
41 221
40 221
39 219
38 218
37 219
36 220
35 220
34 220
33 221
32 221
31 221
30 220
29 220
28 220
27 220
26 217
25 218
