20 218
21 218
22 218
23 218
24 218
25 218
26 218
26 219
27 219
27 220
28 220
29 220
30 220
31 220
31 221
32 221
33 221
34 221
34 220
35 220
36 220
37 220
37 219
38 219
38 218
39 218
39 219
39 220
40 220
40 221
41 221
42 221
43 221
44 221
45 221
46 221
46 222
47 222
48 222
48 223
49 223
50 223
50 224
51 224
52 224
53 224
53 225
54 225
55 225
56 225
56 226
57 226
58 226
59 226
60 226
60 225
61 225
62 225
62 226
63 226
64 226
65 226
66 226
66 227
67 227
67 228
67 229
68 229
69 229
69 228
70 228
70 229
71 229
72 229
73 229
74 229
75 229
76 229
76 230
77 230
78 230
78 231
79 231
79 232
80 232
81 232
82 232
82 233
83 233
83 234
84 234
84 233
85 233
85 234
86 234
87 234
88 234
89 234
90 234
90 235
91 235
92 235
92 236
92 237
92 238
93 238
93 239
94 239
94 240
95 240
95 241
96 241
96 240
97 240
97 241
97 242
97 243
98 243
98 244
98 245
98 246
98 247
99 247
99 248
99 249
99 250
100 250
100 251
101 251
101 252
102 252
102 253
103 253
104 253
104 254
105 254
106 254
106 253
107 253
108 253
109 253
110 253
110 254
111 254
112 254
112 255
113 255
114 255
114 256
115 256
116 256
117 256
117 257
118 257
119 257
120 257
120 258
121 258
122 258
122 259
122 260
122 261
123 261
123 262
124 262
124 263
125 263
125 262
126 262
127 262
128 262
128 261
129 261
130 261
131 261
132 261
133 261
133 262
134 262
135 262
136 262
136 263
137 263
137 264
138 264
138 263
139 263
140 263
141 263
142 263
142 264
143 264
144 264
144 265
145 265
146 265
146 264
147 264
147 263
148 263
148 262
149 262
149 261
150 261
150 260
151 260
151 259
152 259
152 260
153 260
153 259
153 258
153 257
154 257
154 256
155 256
156 256
157 256
158 256
159 256
160 256
161 256
161 257
162 257
162 256
162 255
163 255
164 255
164 254
165 254
166 254
167 254
168 254
168 255
168 256
168 257
169 257
169 258
170 258
170 259
171 259
172 259
172 260
173 260
174 260
175 260
176 260
176 261
176 262
177 262
177 263
178 263
179 263
180 263
181 263
181 264
182 264
183 264
184 264
185 264
186 264
187 264
188 264
189 264
190 264
191 264
192 264
192 263
193 263
194 263
195 263
196 263
197 263
197 262
198 262
199 262
200 262
201 262
201 263
202 263
203 263
203 262
203 261
203 260
204 260
204 259
205 259
205 258
206 258
207 258
208 258
208 259
209 259
210 259
210 260
211 260
211 261
212 261
213 261
213 260
214 260
214 259
215 259
216 259
216 258
216 257
217 257
217 256
218 256
218 255
218 254
219 254
219 253
220 253
221 253
221 252
222 252
222 253
223 253
224 253
224 252
224 251
225 251
225 250
226 250
226 249
226 248
226 247
226 246
227 246
227 245
227 244
227 243
227 242
228 242
228 241
228 240
228 239
229 239
229 238
230 238
231 238
231 237
232 237
232 236
233 236
234 236
235 236
236 236
236 235
236 234
237 234
238 234
238 233
238 232
239 232
239 231
240 231
240 230
240 229
240 228
241 228
241 227
242 227
242 226
243 226
244 226
244 225
245 225
245 224
246 224
247 224
248 224
248 225
249 225
249 226
249 227
250 227
250 228
251 228
251 229
252 229
252 230
252 231
253 231
253 232
253 233
254 233
254 234
254 235
255 235
255 236
256 236
256 237
256 238
257 238
257 239
257 240
257 241
257 242
258 242
258 243
259 243
260 243
260 244
261 244
262 244
262 245
263 245
264 245
264 246
265 246
266 246
267 246
268 246
269 246
270 246
270 247
271 247
272 247
272 246
273 246
273 245
274 245
275 245
276 245
277 245
278 245
278 244
279 244
280 244
281 244
282 244
283 244
284 244
285 244
285 243
286 243
287 243
288 243
288 244
289 244
290 244
291 244
292 244
292 243
293 243
294 243
294 242
295 242
295 241
296 241
296 240
297 240
298 240
298 239
299 239
300 239
301 239
302 239
303 239
304 239
304 238
304 237
305 237
306 237
306 238
307 238
308 238
309 238
310 238
311 238
312 238
313 238
314 238
315 238
316 238
317 238
318 238
319 238
319 239
320 239
320 240
321 240
321 241
322 241
322 242
323 242
323 243
324 243
325 243
325 244
326 244
327 244
327 245
328 245
328 246
329 246
330 246
331 246
332 246
333 246
333 247
334 247
335 247
336 247
336 246
337 246
338 246
339 246
340 246
341 246
342 246
342 247
343 247
344 247
344 248
345 248
345 249
345 250
345 251
346 251
346 252
347 252
347 253
347 254
347 255
347 256
347 257
346 257
346 258
346 259
345 259
345 260
345 261
345 262
345 263
345 264
345 265
345 266
345 267
344 267
344 268
344 269
344 270
344 271
344 272
344 273
344 274
344 275
344 276
344 277
345 277
345 278
345 279
345 280
345 281
345 282
345 283
345 284
345 285
344 285
344 286
343 286
343 287
343 288
343 289
344 289
344 290
344 291
345 291
345 292
345 293
345 294
345 295
345 296
345 297
345 298
345 299
344 299
344 300
344 301
345 301
346 301
346 302
347 302
348 302
349 302
350 302
351 302
351 303
351 304
351 305
352 305
352 306
353 306
354 306
355 306
355 307
355 308
356 308
357 308
358 308
358 307
359 307
360 307
360 306
360 305
361 305
361 304
361 303
361 302
362 302
362 301
363 301
363 300
363 299
363 298
362 298
362 297
361 297
361 296
361 295
362 295
362 294
362 293
362 292
362 291
362 290
362 289
362 288
362 287
363 287
364 287
364 286
364 285
365 285
365 284
365 283
366 283
366 282
366 281
367 281
367 280
368 280
369 280
369 279
370 279
370 278
371 278
371 277
372 277
373 277
373 276
374 276
375 276
375 275
376 275
377 275
378 275
379 275
379 274
380 274
381 274
382 274
382 273
383 273
384 273
384 272
385 272
386 272
386 271
387 271
388 271
388 270
389 270
390 270
390 269
391 269
392 269
392 268
393 268
394 268
395 268
396 268
397 268
398 268
398 267
399 267
400 267
401 267
402 267
402 266
403 266
404 266
405 266
405 265
406 265
407 265
408 265
409 265
410 265
411 265
412 265
413 265
414 265
414 264
415 264
416 264
416 263
417 263
418 263
419 263
420 263
421 263
422 263
423 263
423 262
424 262
424 261
425 261
426 261
427 261
428 261
429 261
430 261
431 261
431 262
431 263
432 263
432 264
433 264
434 264
435 264
436 264
437 264
438 264
439 264
440 264
441 264
441 263
442 263
442 262
443 262
444 262
444 261
445 261
446 261
447 261
448 261
448 262
449 262
450 262
451 262
452 262
453 262
454 262
455 262
456 262
457 262
458 262
458 263
459 263
460 263
460 262
460 261
461 261
462 261
462 260
463 260
464 260
464 259
465 259
466 259
466 258
467 258
468 258
469 258
469 257
470 257
471 257
472 257
472 256
473 256
473 255
474 255
475 255
476 255
477 255
477 254
478 254
478 253
479 253
479 252
480 252
480 251
481 251
481 250
482 250
482 249
483 249
483 248
484 248
484 247
485 247
485 246
486 246
486 245
486 244
487 244
487 243
488 243
488 242
489 242
490 242
491 242
491 241
492 241
492 240
493 240
494 240
494 239
495 239
495 238
496 238
497 238
497 237
497 236
498 236
499 236
499 235
499 234
500 234
501 234
501 233
501 232
502 232
503 232
503 231
504 231
505 231
506 231
507 231
508 231
508 230
508 229
509 229
509 228
510 228
510 227
510 226
511 226
511 225
512 225
512 224
512 223
513 223
513 222
513 221
514 221
514 220
514 219
515 219
515 218
516 218
516 217
517 217
517 216
518 216
518 215
519 215
520 215
521 215
521 214
522 214
523 214
523 213
523 212
524 212
524 211
525 211
525 210
526 210
526 209
526 208
527 208
528 208
528 207
529 207
529 206
530 206
530 205
531 205
531 204
532 204
533 204
534 204
535 204
535 203
536 203
536 202
537 202
538 202
539 202
540 202
540 201
541 201
541 200
542 200
542 199
543 199
543 198
544 198
544 197
544 196
544 195
545 195
545 194
545 193
546 193
546 192
546 191
547 191
547 190
547 189
548 189
548 188
549 188
549 187
550 187
551 187
552 187
553 187
553 186
554 186
554 185
554 184
555 184
555 183
556 183
556 182
557 182
558 182
558 181
559 181
559 180
559 179
560 179
560 178
561 178
562 178
562 177
563 177
564 177
564 176
564 175
565 175
565 174
566 174
566 173
566 172
567 172
567 171
567 170
568 170
569 170
570 170
571 170
572 170
572 169
572 168
573 168
574 168
575 168
575 167
576 167
576 166
576 165
577 165
577 164
578 164
578 163
579 163
579 162
580 162
581 162
581 161
582 161
583 161
584 161
584 162
585 162
585 163
586 163
587 163
588 163
588 162
589 162
590 162
590 163
591 163
591 164
591 165
591 166
592 166
593 166
593 167
594 167
594 168
594 169
593 169
593 170
593 171
593 172
593 173
593 174
593 175
594 175
594 176
595 176
595 177
596 177
596 178
597 178
598 178
598 179
599 179
599 180
599 181
600 181
601 181
601 182
602 182
602 183
603 183
603 184
604 184
604 185
604 186
605 186
606 186
607 186
608 186
608 185
609 185
610 185
610 184
611 184
612 184
613 184
613 183
614 183
615 183
616 183
616 182
617 182
618 182
618 181
619 181
619 180
620 180
620 179
621 179
622 179
622 178
623 178
623 177
624 177
624 176
625 176
626 176
626 175
627 175
627 174
627 173
628 173
629 173
630 173
631 173
631 172
632 172
633 172
634 172
634 171
635 171
636 171
637 171
638 171
639 171
640 171
641 171
641 170
642 170
643 170
643 169
643 168
644 168
645 168
646 168
646 167
647 167
647 166
648 166
648 165
649 165
650 165
651 165
651 164
652 164
652 163
653 163
653 162
654 162
654 161
655 161
656 161
657 161
658 161
658 162
659 162
660 162
661 162
662 162
662 161
663 161
663 160
664 160
664 159
665 159
666 159
667 159
667 158
668 158
668 157
669 157
670 157
670 156
671 156
672 156
673 156
674 156
674 155
675 155
676 155
677 155
678 155
679 155
680 155
680 154
680 153
681 153
681 152
682 152
683 152
683 151
684 151
684 150
685 150
685 149
686 149
686 148
687 148
688 148
688 147
688 146
689 146
690 146
691 146
691 145
692 145
692 144
693 144
694 144
695 144
695 143
696 143
696 142
697 142
698 142
698 141
699 141
700 141
701 141
702 141
703 141
703 140
704 140
705 140
706 140
707 140
708 140
709 140
710 140
711 140
712 140
713 140
714 140
714 139
715 139
715 138
716 138
716 137
717 137
717 136
718 136
718 135
719 135
719 134
720 134
720 133
720 132
721 132
722 132
722 131
723 131
723 130
724 130
725 130
725 129
725 128
726 128
727 128
727 127
728 127
729 127
729 126
730 126
730 125
731 125
731 124
732 124
733 124
734 124
735 124
736 124
737 124
738 124
739 124
739 125
740 125
741 125
741 126
742 126
743 126
744 126
744 125
745 125
746 125
746 126
747 126
748 126
748 125
749 125
750 125
750 126
751 126
752 126
753 126
754 126
755 126
756 126
757 126
758 126
758 125
759 125
760 125
761 125
762 125
762 124
763 124
764 124
764 123
765 123
766 123
767 123
768 123
768 122
769 122
769 121
770 121
770 120
770 119
771 119
772 119
773 119
773 120
774 120
775 120
775 121
776 121
777 121
777 122
778 122
778 123
779 123
780 123
781 123
782 123
783 123
783 124
784 124
785 124
786 124
786 125
787 125
787 126
788 126
789 126
790 126
790 127
791 127
792 127
793 127
794 127
794 128
795 128
796 128
797 128
797 129
798 129
798 130
799 130
800 130
801 130
802 130
803 130
803 131
804 131
805 131
806 131
807 131
808 131
809 131
810 131
811 131
812 131
813 131
814 131
814 132
815 132
815 133
815 134
816 134
817 134
818 134
819 134
820 134
820 133
821 133
821 132
821 131
822 131
822 130
822 129
822 128
823 128
823 127
823 126
824 126
824 125
825 125
826 125
826 124
827 124
827 123
828 123
828 122
828 121
829 121
830 121
830 120
831 120
832 120
832 119
833 119
834 119
834 118
835 118
836 118
837 118
837 117
837 116
837 115
838 115
838 114
838 113
838 112
838 111
839 111
839 110
839 109
840 109
840 108
840 107
841 107
841 106
841 105
842 105
842 104
842 103
842 102
843 102
843 101
843 100
843 99
844 99
844 98
844 97
844 96
844 95
845 95
845 94
846 94
846 93
847 93
847 92
847 91
848 91
848 90
848 89
849 89
849 88
849 87
850 87
851 87
852 87
853 87
854 87
855 87
856 87
856 86
857 86
857 85
858 85
858 84
858 83
858 82
858 81
858 80
858 79
858 78
858 77
859 77
859 76
859 75
860 75
860 74
861 74
861 73
862 73
863 73
863 72
864 72
864 71
864 70
865 70
865 69
866 69
866 68
867 68
867 67
868 67
869 67
869 66
869 65
870 65
871 65
872 65
872 64
873 64
873 63
874 63
874 62
875 62
876 62
877 62
878 62
878 61
879 61
879 60
880 60
881 60
882 60
882 61
883 61
884 61
885 61
885 60
885 59
885 58
886 58
886 57
887 57
887 56
887 55
887 54
888 54
888 53
889 53
889 52
890 52
890 51
891 51
891 50
892 50
892 49
893 49
894 49
895 49
896 49
897 49