20 218
25 218
26 217
27 220
28 220
29 220
30 220
31 221
32 221
33 221
34 220
35 220
36 220
37 219
38 218
39 219
40 221
41 221
42 221
43 221
44 221
45 221
46 222
47 222
48 223
49 223
50 224
51 224
52 224
53 225
54 225
55 225
56 226
57 226
58 226
59 226
60 225
61 225
62 226
63 226
64 226
65 226
66 227
67 226
68 229
69 228
70 229
71 229
72 229
73 229
74 229
75 229
76 230
77 230
78 231
79 232
80 232
81 232
82 233
83 234
84 233
85 234
86 234
87 234
88 234
89 234
90 235
91 235
92 235
93 239
94 240
95 241
96 240
97 240
98 244
99 248
100 251
101 252
102 253
103 253
104 254
105 254
106 253
107 253
108 253
109 253
110 254
111 254
112 255
113 255
114 256
115 256
116 256
117 257
118 257
119 257
120 258
121 258
122 258
123 262
124 263
125 262
126 262
127 262
128 261
129 261
130 261
131 261
132 261
133 262
134 262
135 262
136 263
137 264
138 263
139 263
140 263
141 263
142 264
143 264
144 265
145 265
146 265
147 263
148 263
149 261
150 261
151 259
152 260
153 260
154 256
155 256
156 256
157 256
158 256
159 256
160 256
161 257
162 258
163 254
164 254
165 254
166 254
167 254
168 254
169 258
170 259
171 259
172 260
173 260
174 260
175 260
176 261
177 263
178 263
179 263
180 263
181 264
182 264
183 264
184 264
185 264
186 264
187 264
188 264
189 264
190 264
191 264
192 263
193 263
194 263
195 263
196 263
197 262
198 262
199 262
200 262
201 263
202 263
203 263
204 259
205 258
206 258
207 258
208 259
209 259
210 259
211 261
212 261
213 260
214 259
215 259
216 258
217 256
218 255
219 253
220 253
221 252
222 253
223 253
224 252
225 250
226 249
227 245
228 241
229 238
230 238
231 237
232 236
233 235
234 239
235 237
236 235
237 233
238 232
239 231
240 230
241 227
242 226
243 226
244 226
245 224
246 224
247 223
248 223
