24 202
25 200
26 207
27 216
28 220
29 220
30 220
31 221
32 221
33 221
34 220
35 220
36 220
37 219
38 218
39 219
40 221
41 221
42 221
43 221
44 221
45 221
46 222
47 222
48 223
49 223
50 224
51 224
52 224
53 225
54 225
55 225
56 226
57 226
58 226
59 226
60 225
61 225
62 226
63 226
64 226
65 226
66 227
67 226
68 229
69 228
70 229
71 229
72 229
73 229
74 229
75 229
76 230
77 230
78 231
79 232
80 232
81 232
82 233
83 234
84 233
85 234
86 234
87 234
88 234
89 234
90 235
91 235
92 235
93 240
94 240
95 241
96 240
97 249
98 249
99 250
100 251
101 252
102 253
103 253
104 254
105 254
106 253
107 253
108 253
109 253
110 254
111 260
112 260
113 261
114 261
115 256
116 256
117 257
118 257
119 257
120 258
121 258
122 258
123 264
124 263
125 262
126 262
127 262
128 261
129 261
130 261
131 261
132 261
133 262
134 262
135 262
136 263
137 264
138 263
139 263
140 263
141 263
142 264
143 264
144 265
145 265
146 265
147 263
148 263
149 261
150 261
151 259
152 260
153 260
154 255
155 256
156 256
157 256
158 256
159 256
160 256
161 257
162 258
163 254
164 254
165 254
166 254
167 254
168 254
169 259
170 259
171 259
172 260
173 260
174 260
175 260
176 261
177 263
178 263
179 263
180 263
181 264
182 264
183 264
184 264
185 264
186 264
187 264
188 264
189 264
190 264
191 264
192 263
193 263
194 263
195 263
196 263
197 262
198 262
199 262
200 262
201 263
202 263
203 263
204 259
205 258
206 258
207 258
208 259
209 259
210 259
211 261
212 261
213 260
214 259
215 259
216 258
217 256
218 255
219 246
220 246
221 237
222 236
223 235
224 235
225 235
226 235
227 236
228 227
229 227
230 224
231 228
232 236
233 235
234 239
235 237
236 235
237 233
238 232
239 231
240 230
241 227
242 226
243 226
244 226
245 224
246 224
247 223
248 223
249 223
250 227
251 229
252 231
253 233
254 236
255 236
256 237
257 239
258 241
259 243
260 243
261 244
262 244
263 245
264 245
265 245
266 246
267 246
268 248
269 246
270 248
271 248
272 246
273 245
274 245
275 245
276 245
277 245
278 244
279 244
280 244
281 244
282 244
283 244
284 244
285 243
286 243
287 243
288 243
289 244
290 244
291 244
292 244
293 239
294 238
295 237
296 237
297 240
298 240
299 239
300 239
301 239
302 239
303 239
304 239
305 237
306 237
307 238
308 238
309 238
310 238
311 238
312 237
313 237
314 238
315 238
316 238
317 238
318 238
319 238
320 239
321 240
322 242
323 243
324 243
325 243
326 243
327 245
328 245
329 246
330 244
331 246
332 246
333 246
334 246
335 247
336 247
337 247
338 246
339 246
340 246
341 246
342 247
343 247
344 248
345 250
346 251
347 253
348 254
349 253
350 251
351 249
352 249
353 249
354 249
355 249
356 248
357 248
358 248
359 248
360 248
361 248
362 247
363 247
364 247
365 247
366 247
367 248
368 248
369 248
370 249
371 249
372 250
373 250
374 251
375 252
376 252
377 253
378 254
379 253
380 252
381 252
382 252
383 253
384 250
385 244
386 244
387 245
388 245
389 245
390 248
391 248
392 248
393 247
394 247
395 246
396 246
397 245
398 245
399 244
400 244
401 243
402 243
403 243
404 242
405 242
406 241
407 241
408 240
409 240
410 240
411 249
412 258
413 263
414 263
415 264
416 263
417 263
418 263
419 262
420 262
421 262
422 261
423 261
424 260
425 260
426 260
427 260
428 259
429 259
430 258
431 258
432 263
433 263
434 263
435 263
436 263
437 263
438 263
439 263
440 263
441 262
442 263
443 261
444 262
445 261
446 261
447 261
448 261
449 261
450 261
451 261
452 261
453 261
454 261
455 261
456 261
457 261
458 261
459 261
460 261
461 260
462 260
463 259
464 259
465 258
466 258
467 257
468 256
469 255
470 255
471 255
472 254
473 255
474 255
475 252
476 249
477 249
478 248
479 247
480 246
481 245
482 245
483 244
484 244
485 243
486 243
487 242
488 241
489 240
490 239
491 239
492 239
493 238
494 235
495 236
496 234
497 234
498 233
499 232
500 231
501 231
502 230
503 229
504 228
505 227
506 226
507 230
508 231
509 231
510 230
511 228
512 219
513 218
514 217
515 219
516 220
517 218
518 217
519 216
520 217
521 216
522 215
523 216
524 215
525 212
526 211
527 210
528 209
529 208
530 207
531 206
532 205
533 204
534 204
535 202
536 202
537 202
538 201
539 201
540 201
541 201
542 200
543 200
544 199
545 199
546 196
547 191
548 188
549 188
550 187
551 186
552 185
553 185
554 184
555 184
556 184
557 182
558 181
559 179
560 178
561 177
562 176
563 176
564 175
565 176
566 174
567 172
568 171
569 166
570 166
571 170
572 169
573 169
574 168
575 168
576 169
577 169
578 164
579 163
580 162
581 161
582 161
583 161
584 161
585 161
586 160
587 160
588 163
589 163
590 163
591 163
592 164
593 166
594 166
595 166
596 166
597 166
598 166
599 166
600 166
601 169
602 169
603 168
604 167
605 167
606 166
607 175
608 184
609 186
610 186
611 185
612 185
613 185
614 184
615 184
616 183
617 183
618 182
619 182
620 181
621 180
622 179
623 178
624 177
625 177
626 176
627 175
628 174
629 174
630 174
631 172
632 173
633 173
634 172
635 172
636 171
637 171
638 171
639 171
640 171
641 171
642 171
643 170
644 170
645 169
646 169
647 168
648 168
649 167
650 167
651 167
652 166
653 166
654 165
655 165
656 165
657 162
658 162
659 162
660 162
661 162
662 162
663 162
664 160
665 160
666 159
667 158
668 158
669 157
670 157
671 157
672 156
673 156
674 156
675 156
676 155
677 155
678 155
679 154
680 154
681 153
682 152
683 151
684 151
685 150
686 149
687 148
688 147
689 146
690 146
691 146
692 145
693 144
694 144
695 143
696 143
697 142
698 142
699 142
700 141
701 141
702 141
703 141
704 140
705 140
706 140
707 140
708 140
709 140
710 140
711 141
712 141
713 141
714 140
715 140
716 140
717 140
718 140
719 140
720 140
721 140
722 140
723 141
724 141
725 142
726 144
727 145
728 141
729 141
730 144
731 144
732 144
733 144
734 144
735 144
736 144
737 144
738 144
739 145
740 145
741 145
742 145
743 146
744 146
745 145
746 146
747 146
748 152
749 153
750 148
751 153
752 152
753 153
754 150
755 155
756 164
757 171
758 177
759 179
760 179
761 179
762 180
763 180
764 180
765 180
766 179
767 180
768 180
