17,040 11,040 545 3,300 320 17,880 21,260 1,220 88,750 25,060 21,780 315 153,900 93,910 3,710 780 6,145 6,130 22,990 48,940 45,220 1,990 2,135 6,590 5,315 610 52,490 9,800 27,250 740 2,160 3,280 2,445 560 18,360 7,365 4,390 12,920 2,535 7,215 2,250 3,110 2,785 9,855 405 4,900 190
810 4,840 1,665 560 1,210 1,965 21,200 215
155 1,490 1,710 2,445 4,670 33,160 10,180 8,320 14,180 2,890 13,520 42,980 960 20,940 3,460 245
310 1,355 12,910 8,620 113,300 3,060 600 140 101,800 15,970 11,130 7,215 3,360 2,680 565 820 12,540 2,290 3,475 965 11,020 3,740 4,705 295 580 430 180
80 8,785 460 1,100 155
425 40,950 145 3,065 12,720 24,090 85,320 137,900 1,650 93,570 1,440 50 3,835 980 58,180 300 13,620 40,700 63,800 80 1,155 185 2,515 12,870 535 1,715 37,780 425 16,150 38,740 1,975 135
330 28,920 215 72,380 3,535 2,040 4,840 2,915 25,780 390 160
275 21,510 1,915 8,695 19,700 4,150 1,070 26,040 780 35,500 22,070 4,665 21,590 1,125 1,955 180 13,560 2,130 1,560 6,790 7,915 975
295 24,760 400 720 7,160 890 2,415 56,370 4,950 1,805 9,055 8,920 7,270 1,035 80,180 590 650 1,395 20,200 16,400 10,290 12,180 370 6,195 32,790 43,260 7,830 2,510 3,090 650 75,270 107,500 1,000 62,220 13,640 1,780 325 1,425 545 590 960
815 1,910 1,060 68,150 31,910 762,500 12,590 8,365 8,215 10,430 60,320 165 10,200 14,490 1,740 1,735 565
620
280 230,900 107,100 500
283
600 8,405 120 6,790 1,550 6,260 1,740 10,800 16,500 220,800 810 2,030 1,505 685 1,085 8,870 22,620 26,360 1,035 6,640 390 35,420 655 197,600 1,180 34,020 4,615 2,525 17,390 210 1,140 120 35,650 17,410 2,255 2,490 895
495
205 1,695 555 13,450 6,575 1,330 1,670 98,200 1,125 10,680 3,195